Log file created at: 2023/03/26 14:25:44
Running on machine: melody
Log line format: [IWEF]mmdd hh:mm:ss.uuuuuu threadid file:line] msg
I0326 14:25:44.787358 26601 function.cpp:12] read finsh.
I0326 14:25:44.787708 26601 function.cpp:24] image size width 640  height480
I0326 14:25:56.222740 26601 main.cpp:89] 每幅图像的标定误差：
I0326 14:25:56.222808 26601 main.cpp:115] 第1幅图像的平均误差为： 0.0590641像素
I0326 14:25:56.222826 26601 main.cpp:115] 第2幅图像的平均误差为： 0.0572314像素
I0326 14:25:56.222838 26601 main.cpp:115] 第3幅图像的平均误差为： 0.0511596像素
I0326 14:25:56.222851 26601 main.cpp:115] 第4幅图像的平均误差为： 0.0387711像素
I0326 14:25:56.222863 26601 main.cpp:115] 第5幅图像的平均误差为： 0.0246896像素
I0326 14:25:56.222877 26601 main.cpp:115] 第6幅图像的平均误差为： 0.0270126像素
I0326 14:25:56.222889 26601 main.cpp:115] 第7幅图像的平均误差为： 0.0436821像素
I0326 14:25:56.222901 26601 main.cpp:115] 第8幅图像的平均误差为： 0.0546086像素
I0326 14:25:56.222914 26601 main.cpp:115] 第9幅图像的平均误差为： 0.061302像素
I0326 14:25:56.222927 26601 main.cpp:115] 第10幅图像的平均误差为： 0.0417915像素
I0326 14:25:56.222940 26601 main.cpp:115] 第11幅图像的平均误差为： 0.0502869像素
I0326 14:25:56.222952 26601 main.cpp:115] 第12幅图像的平均误差为： 0.0248469像素
I0326 14:25:56.222966 26601 main.cpp:115] 第13幅图像的平均误差为： 0.0555743像素
I0326 14:25:56.222980 26601 main.cpp:115] 第14幅图像的平均误差为： 0.0669276像素
I0326 14:25:56.222992 26601 main.cpp:115] 第15幅图像的平均误差为： 0.0456844像素
I0326 14:25:56.223006 26601 main.cpp:115] 第16幅图像的平均误差为： 0.0206345像素
I0326 14:25:56.223019 26601 main.cpp:115] 第17幅图像的平均误差为： 0.0484202像素
I0326 14:25:56.223032 26601 main.cpp:115] 第18幅图像的平均误差为： 0.0314502像素
I0326 14:25:56.223045 26601 main.cpp:115] 第19幅图像的平均误差为： 0.0446435像素
I0326 14:25:56.223058 26601 main.cpp:115] 第20幅图像的平均误差为： 0.0449228像素
I0326 14:25:56.223073 26601 main.cpp:115] 第21幅图像的平均误差为： 0.0451513像素
I0326 14:25:56.223088 26601 main.cpp:115] 第22幅图像的平均误差为： 0.0153215像素
I0326 14:25:56.223100 26601 main.cpp:115] 第23幅图像的平均误差为： 0.0502128像素
I0326 14:25:56.223114 26601 main.cpp:115] 第24幅图像的平均误差为： 0.0414856像素
I0326 14:25:56.223127 26601 main.cpp:115] 第25幅图像的平均误差为： 0.0722673像素
I0326 14:25:56.223141 26601 main.cpp:115] 第26幅图像的平均误差为： 0.0182066像素
I0326 14:25:56.223155 26601 main.cpp:115] 第27幅图像的平均误差为： 0.0464773像素
I0326 14:25:56.223170 26601 main.cpp:115] 第28幅图像的平均误差为： 0.0439318像素
I0326 14:25:56.223183 26601 main.cpp:115] 第29幅图像的平均误差为： 0.0534812像素
I0326 14:25:56.223197 26601 main.cpp:115] 第30幅图像的平均误差为： 0.0571166像素
I0326 14:25:56.223212 26601 main.cpp:115] 第31幅图像的平均误差为： 0.0337404像素
I0326 14:25:56.223225 26601 main.cpp:115] 第32幅图像的平均误差为： 0.0482196像素
I0326 14:25:56.223242 26601 main.cpp:115] 第33幅图像的平均误差为： 0.077495像素
I0326 14:25:56.223258 26601 main.cpp:115] 第34幅图像的平均误差为： 0.0804806像素
I0326 14:25:56.223274 26601 main.cpp:115] 第35幅图像的平均误差为： 0.0846347像素
I0326 14:25:56.223290 26601 main.cpp:115] 第36幅图像的平均误差为： 0.0317824像素
I0326 14:25:56.223307 26601 main.cpp:115] 第37幅图像的平均误差为： 0.0543941像素
I0326 14:25:56.223322 26601 main.cpp:115] 第38幅图像的平均误差为： 0.0671721像素
I0326 14:25:56.223338 26601 main.cpp:115] 第39幅图像的平均误差为： 0.0817376像素
I0326 14:25:56.223362 26601 main.cpp:115] 第40幅图像的平均误差为： 0.0698249像素
I0326 14:25:56.223378 26601 main.cpp:115] 第41幅图像的平均误差为： 0.0218301像素
I0326 14:25:56.223390 26601 main.cpp:119] 总体平均误差为： 0.0484797像素
I0326 14:25:56.223424 26601 main.cpp:128] 
相机内参数矩阵:
I0326 14:25:56.223466 26601 main.cpp:129] [615.193239988924, 0, 324.825519096776;
 0, 614.5050991992957, 239.5768372678656;
 0, 0, 1]

I0326 14:25:56.223496 26601 main.cpp:132] 畸变系数：
I0326 14:25:56.223501 26601 main.cpp:133] [0.04076855494080709, 0.664823935889276, -0.001016914038236476, -0.003295432621221484, -2.689111986302187]


I0326 14:25:56.223512 26601 main.cpp:137] 第1幅图像的旋转矩阵为：
I0326 14:25:56.223517 26601 main.cpp:138] [0.9064781535055414, 0.2575108330295229, 0.3346423883634965;
 -0.1341537109402629, 0.9270898523056901, -0.3500102678390595;
 -0.40037499804326, 0.2723831430618549, 0.874932731310016]
I0326 14:25:56.223527 26601 main.cpp:139] 第1幅图像的平移向量为：
I0326 14:25:56.223531 26601 main.cpp:140] [-93.01448995568629;
 3.140849558004139;
 675.2035921943584]

I0326 14:25:56.223541 26601 main.cpp:137] 第2幅图像的旋转矩阵为：
I0326 14:25:56.223543 26601 main.cpp:138] [0.8849282843710975, 0.326759823592929, 0.3318583270094996;
 -0.1744132809395527, 0.8932211539439578, -0.4144103975275293;
 -0.4318355461885076, 0.3088429824887433, 0.8474279162356708]
I0326 14:25:56.223553 26601 main.cpp:139] 第2幅图像的平移向量为：
I0326 14:25:56.223556 26601 main.cpp:140] [-163.9689991827352;
 -35.09677734811679;
 675.6470202031049]

I0326 14:25:56.223565 26601 main.cpp:137] 第3幅图像的旋转矩阵为：
I0326 14:25:56.223569 26601 main.cpp:138] [0.991249857388931, -0.1154215388804913, 0.06404364596806709;
 0.131983702321436, 0.8592893163122639, -0.4941681628688038;
 0.002005629066017551, 0.4982968384748806, 0.8670041742794485]
I0326 14:25:56.223578 26601 main.cpp:139] 第3幅图像的平移向量为：
I0326 14:25:56.223582 26601 main.cpp:140] [-122.3048614069748;
 -183.2876587328702;
 609.8168698979656]

I0326 14:25:56.223590 26601 main.cpp:137] 第4幅图像的旋转矩阵为：
I0326 14:25:56.223593 26601 main.cpp:138] [0.9906922690843453, -0.1302990079796852, 0.03938269284877879;
 0.1360853786357643, 0.9546613153907775, -0.2647688475215902;
 -0.003098015182658384, 0.2676638590020333, 0.963507374588315]
I0326 14:25:56.223603 26601 main.cpp:139] 第4幅图像的平移向量为：
I0326 14:25:56.223606 26601 main.cpp:140] [-146.2612942003357;
 40.06969761824526;
 718.3765253189559]

I0326 14:25:56.223614 26601 main.cpp:137] 第5幅图像的旋转矩阵为：
I0326 14:25:56.223618 26601 main.cpp:138] [0.897058619254542, -0.4034140800414386, -0.1803965455474529;
 0.2886376638698003, 0.8439895934111198, -0.4520728538737055;
 0.3346253615865341, 0.3534666126214078, 0.873548636965927]
I0326 14:25:56.223627 26601 main.cpp:139] 第5幅图像的平移向量为：
I0326 14:25:56.223631 26601 main.cpp:140] [-120.6376630778853;
 -112.1293989662256;
 648.3823143539295]

I0326 14:25:56.223639 26601 main.cpp:137] 第6幅图像的旋转矩阵为：
I0326 14:25:56.223642 26601 main.cpp:138] [0.9842510227688925, -0.1763400286561712, 0.01241444609838862;
 0.1750272706023843, 0.9622509588730369, -0.2084191610514751;
 0.0248068281702602, 0.2073096390461903, 0.97796080434477]
I0326 14:25:56.223652 26601 main.cpp:139] 第6幅图像的平移向量为：
I0326 14:25:56.223655 26601 main.cpp:140] [-122.1373098503337;
 83.53184243680404;
 762.5635776275529]

I0326 14:25:56.223665 26601 main.cpp:137] 第7幅图像的旋转矩阵为：
I0326 14:25:56.223670 26601 main.cpp:138] [0.9825111871657259, -0.1845707432800222, -0.02460503646117995;
 0.1859563220526002, 0.9794096778234217, 0.07859344294844828;
 0.00959236065134669, -0.08179439901901281, 0.9966030618587588]
I0326 14:25:56.223680 26601 main.cpp:139] 第7幅图像的平移向量为：
I0326 14:25:56.223682 26601 main.cpp:140] [-98.11731044867302;
 -98.93359786214224;
 622.181727558247]

I0326 14:25:56.223690 26601 main.cpp:137] 第8幅图像的旋转矩阵为：
I0326 14:25:56.223693 26601 main.cpp:138] [0.9825483005046554, -0.1795210364685909, -0.04869327099976186;
 0.185753941819758, 0.9333234358966397, 0.3072504468743911;
 -0.009711347683784483, -0.3109333714340324, 0.9503820959250183]
I0326 14:25:56.223716 26601 main.cpp:139] 第8幅图像的平移向量为：
I0326 14:25:56.223723 26601 main.cpp:140] [-95.10819636927791;
 -109.7663909347438;
 676.464899283864]

I0326 14:25:56.223732 26601 main.cpp:137] 第9幅图像的旋转矩阵为：
I0326 14:25:56.223737 26601 main.cpp:138] [0.9069080097782549, -0.01936127847668434, 0.4208835975608848;
 -0.04862381206106678, 0.9874595365347639, 0.1501978315662359;
 -0.4185135442261035, -0.1566805814461307, 0.8945935438493885]
I0326 14:25:56.223747 26601 main.cpp:139] 第9幅图像的平移向量为：
I0326 14:25:56.223749 26601 main.cpp:140] [6.519079871568099;
 -109.2084726833409;
 712.040338301604]

I0326 14:25:56.223758 26601 main.cpp:137] 第10幅图像的旋转矩阵为：
I0326 14:25:56.223763 26601 main.cpp:138] [0.7134355384360598, 0.2982461879932373, 0.6340811807993926;
 -0.2699663135901877, 0.9520340788322241, -0.1440461810274842;
 -0.6466281172536296, -0.06841289417632404, 0.7597313695560064]
I0326 14:25:56.223773 26601 main.cpp:139] 第10幅图像的平移向量为：
I0326 14:25:56.223778 26601 main.cpp:140] [-10.48591770134975;
 -28.85786646476526;
 862.9886441505321]

I0326 14:25:56.223786 26601 main.cpp:137] 第11幅图像的旋转矩阵为：
I0326 14:25:56.223791 26601 main.cpp:138] [0.9794458031239455, -0.1884543524130762, 0.07190880196093855;
 0.2016337543574831, 0.9243966417155214, -0.3237818368728739;
 -0.005454158651484381, 0.3316260029636311, 0.9433951697521936]
I0326 14:25:56.223801 26601 main.cpp:139] 第11幅图像的平移向量为：
I0326 14:25:56.223806 26601 main.cpp:140] [-18.37823016823045;
 -115.8743965685564;
 706.2550370759645]

I0326 14:25:56.223824 26601 main.cpp:137] 第12幅图像的旋转矩阵为：
I0326 14:25:56.223830 26601 main.cpp:138] [0.8869613043267004, -0.4163296312913772, -0.1999231920910239;
 0.3705020984651566, 0.8998598405416584, -0.2301748518262945;
 0.2757314629489967, 0.1300842245974783, 0.9523918599247261]
I0326 14:25:56.223843 26601 main.cpp:139] 第12幅图像的平移向量为：
I0326 14:25:56.223850 26601 main.cpp:140] [-39.75854450737708;
 14.73464726131036;
 682.6824775425613]

I0326 14:25:56.223860 26601 main.cpp:137] 第13幅图像的旋转矩阵为：
I0326 14:25:56.223865 26601 main.cpp:138] [0.9090223446325825, 0.1599339485393038, -0.3848369902482214;
 -0.2658403857674383, 0.9336871310498265, -0.2399108805514323;
 0.32094745092258, 0.3203895650868975, 0.8912593675971808]
I0326 14:25:56.223877 26601 main.cpp:139] 第13幅图像的平移向量为：
I0326 14:25:56.223882 26601 main.cpp:140] [-191.0984064712639;
 -44.69106459830727;
 588.8360263158324]

I0326 14:25:56.223893 26601 main.cpp:137] 第14幅图像的旋转矩阵为：
I0326 14:25:56.223898 26601 main.cpp:138] [0.9343661584987879, -0.2506807488338339, -0.2532173849014444;
 0.1441549827794673, 0.9158511230157713, -0.3747479972069256;
 0.3258515348929163, 0.3136492987954201, 0.8918771746003324]
I0326 14:25:56.223929 26601 main.cpp:139] 第14幅图像的平移向量为：
I0326 14:25:56.223940 26601 main.cpp:140] [-72.86739865233478;
 -127.6548109547699;
 589.5655646155659]

I0326 14:25:56.223971 26601 main.cpp:137] 第15幅图像的旋转矩阵为：
I0326 14:25:56.223981 26601 main.cpp:138] [0.9255822977366118, -0.03300832055833636, -0.3771045755364583;
 -0.09704303963261043, 0.9422102976037743, -0.3206593263079537;
 0.3658962401767444, 0.333391970304213, 0.8688899444470497]
I0326 14:25:56.224011 26601 main.cpp:139] 第15幅图像的平移向量为：
I0326 14:25:56.224022 26601 main.cpp:140] [-74.0746434218042;
 -124.2198593327447;
 596.8387029478986]

I0326 14:25:56.224054 26601 main.cpp:137] 第16幅图像的旋转矩阵为：
I0326 14:25:56.224066 26601 main.cpp:138] [0.69581110350369, -0.7031896509249249, -0.1461889977838943;
 0.6884743149308228, 0.7110015242959289, -0.1431081763191742;
 0.2045727888100257, -0.001071112014644909, 0.978850768400138]
I0326 14:25:56.224095 26601 main.cpp:139] 第16幅图像的平移向量为：
I0326 14:25:56.224104 26601 main.cpp:140] [-185.9793595626448;
 -54.71574048531441;
 690.760988731471]

I0326 14:25:56.224150 26601 main.cpp:137] 第17幅图像的旋转矩阵为：
I0326 14:25:56.224161 26601 main.cpp:138] [0.8698986910515067, -0.4393358851406047, 0.2241879732157738;
 0.4120040217239843, 0.8971284648205926, 0.1594151927888601;
 -0.2711622270710613, -0.04630872095370532, 0.9614190288180768]
I0326 14:25:56.224193 26601 main.cpp:139] 第17幅图像的平移向量为：
I0326 14:25:56.224203 26601 main.cpp:140] [-171.3501067353566;
 13.23643426151912;
 871.0078298741212]

I0326 14:25:56.224236 26601 main.cpp:137] 第18幅图像的旋转矩阵为：
I0326 14:25:56.224241 26601 main.cpp:138] [0.8132206646470749, 0.318290710199275, 0.4871993169040889;
 -0.2725591998814041, 0.9479927403669992, -0.164381406404362;
 -0.5141824901248373, 0.0008877005736310783, 0.8576803477034513]
I0326 14:25:56.224256 26601 main.cpp:139] 第18幅图像的平移向量为：
I0326 14:25:56.224260 26601 main.cpp:140] [-45.56365429324473;
 115.4324005793691;
 843.6467748538137]

I0326 14:25:56.224272 26601 main.cpp:137] 第19幅图像的旋转矩阵为：
I0326 14:25:56.224277 26601 main.cpp:138] [0.9671561810110237, 0.1569643220790663, 0.1999277947820937;
 -0.1009525850055972, 0.9590592694887, -0.264601385462149;
 -0.2332755819044495, 0.2357276377560769, 0.9434060545094463]
I0326 14:25:56.224289 26601 main.cpp:139] 第19幅图像的平移向量为：
I0326 14:25:56.224294 26601 main.cpp:140] [-163.1363691297643;
 37.5590599438298;
 564.8224654169969]

I0326 14:25:56.224304 26601 main.cpp:137] 第20幅图像的旋转矩阵为：
I0326 14:25:56.224309 26601 main.cpp:138] [0.9999934429352428, -0.00164711189677927, -0.003225075025276205;
 0.0001183087254596296, 0.9049595451505433, -0.425497600044897;
 0.003619404587035309, 0.4254944284750637, 0.9049538061399124]
I0326 14:25:56.224342 26601 main.cpp:139] 第20幅图像的平移向量为：
I0326 14:25:56.224354 26601 main.cpp:140] [-171.8927557606249;
 -83.74355915770867;
 420.6673154045591]

I0326 14:25:56.224385 26601 main.cpp:137] 第21幅图像的旋转矩阵为：
I0326 14:25:56.224390 26601 main.cpp:138] [0.999811570093906, -0.005868306906556147, 0.01850370990933889;
 0.006711446593442953, 0.9989263343139398, -0.04583814021901821;
 -0.01821485083611348, 0.0459536896033983, 0.9987774915469675]
I0326 14:25:56.224406 26601 main.cpp:139] 第21幅图像的平移向量为：
I0326 14:25:56.224409 26601 main.cpp:140] [-166.6623131340643;
 -110.4859343700615;
 560.6167399710808]

I0326 14:25:56.224421 26601 main.cpp:137] 第22幅图像的旋转矩阵为：
I0326 14:25:56.224426 26601 main.cpp:138] [0.7979401437379134, -0.6027209996621458, 0.004350123881206686;
 0.6026428908475688, 0.7979225056811826, 0.01188364583570509;
 -0.01063358464504306, -0.006860866834957537, 0.9999199244858908]
I0326 14:25:56.224439 26601 main.cpp:139] 第22幅图像的平移向量为：
I0326 14:25:56.224444 26601 main.cpp:140] [51.675697856498;
 -147.2779059623634;
 579.6350749876214]

I0326 14:25:56.224455 26601 main.cpp:137] 第23幅图像的旋转矩阵为：
I0326 14:25:56.224459 26601 main.cpp:138] [0.8948537235590834, 0.4183668043727338, 0.1555828731942882;
 -0.3925289348981294, 0.9035267335667028, -0.1719316055820586;
 -0.2125037616141969, 0.0927828579492522, 0.9727453379845032]
I0326 14:25:56.224472 26601 main.cpp:139] 第23幅图像的平移向量为：
I0326 14:25:56.224478 26601 main.cpp:140] [-103.0453340833228;
 -59.53670284378767;
 599.6904368895363]

I0326 14:25:56.224509 26601 main.cpp:137] 第24幅图像的旋转矩阵为：
I0326 14:25:56.224520 26601 main.cpp:138] [0.6446482156784558, 0.7611251588385471, 0.07153440155323741;
 -0.7319663647953308, 0.6415221306294897, -0.2295094697848189;
 -0.2205763333426593, 0.09559209431535928, 0.9706741124978617]
I0326 14:25:56.224572 26601 main.cpp:139] 第24幅图像的平移向量为：
I0326 14:25:56.224582 26601 main.cpp:140] [-189.8577571405311;
 31.66635236725096;
 599.1464634156894]

I0326 14:25:56.224604 26601 main.cpp:137] 第25幅图像的旋转矩阵为：
I0326 14:25:56.224613 26601 main.cpp:138] [0.9592319880183212, 0.07555397084714058, 0.2723336017674805;
 -0.1586909512421868, 0.9413484973684653, 0.2977921901191877;
 -0.2338614443559885, -0.3288686728640507, 0.9149613220526696]
I0326 14:25:56.224692 26601 main.cpp:139] 第25幅图像的平移向量为：
I0326 14:25:56.224704 26601 main.cpp:140] [-18.05276161042415;
 -106.5411912312975;
 689.1900833948573]

I0326 14:25:56.224727 26601 main.cpp:137] 第26幅图像的旋转矩阵为：
I0326 14:25:56.224750 26601 main.cpp:138] [0.8975211768987236, -0.3618154186999554, -0.2520820100866106;
 0.4373123124068784, 0.8037913791977324, 0.4033328156061146;
 0.05668931500449513, -0.4722383100918256, 0.8796461220547374]
I0326 14:25:56.224809 26601 main.cpp:139] 第26幅图像的平移向量为：
I0326 14:25:56.224828 26601 main.cpp:140] [-143.1873747946107;
 -11.08876549584014;
 685.5572018520464]

I0326 14:25:56.224885 26601 main.cpp:137] 第27幅图像的旋转矩阵为：
I0326 14:25:56.224905 26601 main.cpp:138] [0.8556953574772144, -0.08462531479767975, 0.5105134780662857;
 0.03708870166210772, 0.9940300505886549, 0.1026093891207587;
 -0.5161490902839621, -0.06886809582172079, 0.8537255425351457]
I0326 14:25:56.224957 26601 main.cpp:139] 第27幅图像的平移向量为：
I0326 14:25:56.224977 26601 main.cpp:140] [-3.006571081545848;
 -74.29458197154209;
 808.0729624404876]

I0326 14:25:56.225018 26601 main.cpp:137] 第28幅图像的旋转矩阵为：
I0326 14:25:56.225034 26601 main.cpp:138] [0.8522267944028967, -0.4794840108471472, -0.2092954233701624;
 0.4674156415110088, 0.8775261401131205, -0.107100380433592;
 0.235015124986914, -0.006554140683631818, 0.9719696159177427]
I0326 14:25:56.225059 26601 main.cpp:139] 第28幅图像的平移向量为：
I0326 14:25:56.225080 26601 main.cpp:140] [-150.5977665508069;
 -129.247667642433;
 555.9662154446563]

I0326 14:25:56.225136 26601 main.cpp:137] 第29幅图像的旋转矩阵为：
I0326 14:25:56.225154 26601 main.cpp:138] [0.896893152684229, -0.4422435434640213, -0.001822342594179362;
 0.4419603962369172, 0.8964520992798508, -0.03232091977118928;
 0.01592736093178627, 0.02818300837623306, 0.999475881256078]
I0326 14:25:56.225208 26601 main.cpp:139] 第29幅图像的平移向量为：
I0326 14:25:56.225227 26601 main.cpp:140] [-46.95240716216799;
 -84.2209630913312;
 464.6892621102549]

I0326 14:25:56.225287 26601 main.cpp:137] 第30幅图像的旋转矩阵为：
I0326 14:25:56.225297 26601 main.cpp:138] [0.8430229833744209, -0.5030867544785043, -0.1903049315461266;
 0.4889136406830195, 0.864206778441405, -0.1187859253026367;
 0.2242224374512197, 0.007096588209370362, 0.9745121533255603]
I0326 14:25:56.225322 26601 main.cpp:139] 第30幅图像的平移向量为：
I0326 14:25:56.225332 26601 main.cpp:140] [-90.24572280618501;
 -97.08122099162223;
 426.0746605565704]

I0326 14:25:56.225345 26601 main.cpp:137] 第31幅图像的旋转矩阵为：
I0326 14:25:56.225351 26601 main.cpp:138] [0.8928448868146829, -0.4364986161190352, -0.1108916868617455;
 0.438670111900515, 0.8986325526013003, -0.005297955309459694;
 0.1019634297876741, -0.04391461637585498, 0.9938183764926545]
I0326 14:25:56.225366 26601 main.cpp:139] 第31幅图像的平移向量为：
I0326 14:25:56.225374 26601 main.cpp:140] [-144.0572140858646;
 -84.93918899827001;
 651.5100963596435]

I0326 14:25:56.225394 26601 main.cpp:137] 第32幅图像的旋转矩阵为：
I0326 14:25:56.225404 26601 main.cpp:138] [0.8924821111876291, -0.4482499234226846, -0.050474620965688;
 0.4441230003426531, 0.8536131789389003, 0.2722118684195546;
 -0.07893314751555425, -0.2653611631218527, 0.9609125929708203]
I0326 14:25:56.225438 26601 main.cpp:139] 第32幅图像的平移向量为：
I0326 14:25:56.225448 26601 main.cpp:140] [10.10364018491207;
 -74.70293102219262;
 555.9360628999575]

I0326 14:25:56.225472 26601 main.cpp:137] 第33幅图像的旋转矩阵为：
I0326 14:25:56.225478 26601 main.cpp:138] [0.9058519536840385, -0.394522838612019, 0.1542205168592218;
 0.3029750563211498, 0.8578843259121544, 0.415018793070199;
 -0.2960377564669865, -0.3292206147369319, 0.8966467719108957]
I0326 14:25:56.225492 26601 main.cpp:139] 第33幅图像的平移向量为：
I0326 14:25:56.225515 26601 main.cpp:140] [26.73855097871655;
 -16.00796501699509;
 648.1776068591217]

I0326 14:25:56.225533 26601 main.cpp:137] 第34幅图像的旋转矩阵为：
I0326 14:25:56.225539 26601 main.cpp:138] [0.7424552692233314, -0.6698892702497673, -0.002922123670315108;
 0.6164977201719736, 0.681560452529822, 0.3942155635817833;
 -0.2620891722778135, -0.2944889049719501, 0.9190133571516532]
I0326 14:25:56.225558 26601 main.cpp:139] 第34幅图像的平移向量为：
I0326 14:25:56.225565 26601 main.cpp:140] [93.82568543375575;
 -67.05449472005276;
 625.3534609965017]

I0326 14:25:56.225579 26601 main.cpp:137] 第35幅图像的旋转矩阵为：
I0326 14:25:56.225584 26601 main.cpp:138] [0.7993779585004919, -0.5437852802023372, 0.2555238707026243;
 0.4305023700740009, 0.8150545942984576, 0.3877547132835971;
 -0.4191212101817967, -0.1999589391556232, 0.8856375295952086]
I0326 14:25:56.225597 26601 main.cpp:139] 第35幅图像的平移向量为：
I0326 14:25:56.225602 26601 main.cpp:140] [53.26208854538429;
 -123.1601665824336;
 674.0530960688864]

I0326 14:25:56.225615 26601 main.cpp:137] 第36幅图像的旋转矩阵为：
I0326 14:25:56.225620 26601 main.cpp:138] [0.748295298042467, -0.3569657134498115, 0.5591329236852385;
 0.2227665515282525, 0.9291468995061427, 0.2950611846013171;
 -0.6248433487264997, -0.09623678381673584, 0.7747962770902199]
I0326 14:25:56.225634 26601 main.cpp:139] 第36幅图像的平移向量为：
I0326 14:25:56.225641 26601 main.cpp:140] [77.41966116808827;
 34.65863132561569;
 884.8657934830527]

I0326 14:25:56.225662 26601 main.cpp:137] 第37幅图像的旋转矩阵为：
I0326 14:25:56.225667 26601 main.cpp:138] [0.3743862626489046, -0.9047084536681472, -0.2033163549771028;
 0.7760603562089513, 0.4257149464137717, -0.4652924971679159;
 0.5075088667802967, 0.01641335618663609, 0.8614901925605826]
I0326 14:25:56.225680 26601 main.cpp:139] 第37幅图像的平移向量为：
I0326 14:25:56.225687 26601 main.cpp:140] [-5.776455937433911;
 -122.1987894753643;
 535.3711093544273]

I0326 14:25:56.225701 26601 main.cpp:137] 第38幅图像的旋转矩阵为：
I0326 14:25:56.225708 26601 main.cpp:138] [0.9631830244353027, 0.02386535278377285, -0.2677851869991491;
 -0.08649645915632515, 0.9706014245727699, -0.2246135284677391;
 0.2545522028839691, 0.2395064081685827, 0.9369310841535267]
I0326 14:25:56.225724 26601 main.cpp:139] 第38幅图像的平移向量为：
I0326 14:25:56.225730 26601 main.cpp:140] [-181.5264618151819;
 -37.40974077627391;
 500.2977545415105]

I0326 14:25:56.225744 26601 main.cpp:137] 第39幅图像的旋转矩阵为：
I0326 14:25:56.225750 26601 main.cpp:138] [0.3538892146059014, 0.9105046928237962, -0.2138776008175305;
 -0.923294076725779, 0.3035908466334027, -0.2352884309172574;
 -0.1492999386091954, 0.2807379600023097, 0.9481011159918715]
I0326 14:25:56.225764 26601 main.cpp:139] 第39幅图像的平移向量为：
I0326 14:25:56.225769 26601 main.cpp:140] [-195.3288522106441;
 112.450080475185;
 540.0033199346692]

I0326 14:25:56.225781 26601 main.cpp:137] 第40幅图像的旋转矩阵为：
I0326 14:25:56.225786 26601 main.cpp:138] [0.7566923474134466, 0.6498588131347505, -0.07141578506899698;
 -0.6372135543972581, 0.7086858491766826, -0.3028584706907448;
 -0.1462038900246514, 0.2746777933649124, 0.9503560029661737]
I0326 14:25:56.225800 26601 main.cpp:139] 第40幅图像的平移向量为：
I0326 14:25:56.225805 26601 main.cpp:140] [-130.3770814996718;
 -3.669823898264222;
 539.6245141711996]

I0326 14:25:56.225816 26601 main.cpp:137] 第41幅图像的旋转矩阵为：
I0326 14:25:56.225821 26601 main.cpp:138] [0.8706318379147052, -0.4698956693702594, 0.1455962318067962;
 0.4620342925076816, 0.8826897707924648, 0.08592485720251201;
 -0.1688920227725058, -0.007538464394144143, 0.9856057306034648]
I0326 14:25:56.225836 26601 main.cpp:139] 第41幅图像的平移向量为：
I0326 14:25:56.225841 26601 main.cpp:140] [-188.7914571564428;
 -170.1854657588084;
 842.3087298522304]

